[Variables]
ercf_calib_0 = 1.0
ercf_calib_1 = 0.999698757616
ercf_calib_10 = 1.0
ercf_calib_11 = 1.0
ercf_calib_2 = 0.998964764402
ercf_calib_3 = 0.995310906449
ercf_calib_4 = 1.00043383023
ercf_calib_5 = 1.00116998463
ercf_calib_6 = 1.0
ercf_calib_7 = 1.0
ercf_calib_8 = 1.0
ercf_calib_9 = 1.0
ercf_calib_ref = 1080.2
ercf_calib_version = 2

